name: GOES Satellite
datum: wgs84
towgs84: 0.000,0.000,0.000
proj: goes
ellps: wgs84
a: 6378137.0000000000
es: 0.0066943800
f: 298.2572235630
goes: 15
nsinc:3012
ewinc:3127
row_col: -1
